                        ORT    Lon    Lat  Dep  Nus  NuP  NuS    ADS    MDS   GAP  RMS  ERH  ERZ  MAG
2020-01-01T00:01:39.600000Z 52.340 35.872  4.7    8    8    8  93.34  33.30 220.0  1.0 10.6  9.6  4.0
2020-01-01T00:03:19.900000Z 51.966 35.751 13.9    6    6    6 120.00  59.90 292.0  0.6 13.5  6.6  3.0
2020-01-01T00:04:58.700000Z 52.117 35.395 48.0    5    5    5 144.98  95.90 297.0  0.8 21.6  8.3  2.5
2020-01-01T00:06:40.800000Z 52.404 35.867  8.2    6    6    6  91.52  38.50 252.0  0.6  9.1  6.0  3.0
2020-01-01T00:08:20.800000Z 52.062 35.985 10.0    6    6    6  97.28  65.10 288.0  0.8 14.7 13.7  3.0
2020-01-01T00:09:59.800000Z 52.321 35.551  7.1    9    9    9 124.44  60.20 248.0  1.0 14.1 12.8  4.5
2020-01-01T00:11:38.900000Z 51.941 35.880 12.6    9    9    9  90.80  19.80 239.0  0.9 11.5  6.5  4.5
2020-01-01T00:13:19.000000Z 52.218 35.700 22.4    7    7    7 101.74  41.30 260.0  0.7 11.2  7.4  3.5
2020-01-01T00:15:00.100000Z 51.907 35.767 12.7    6    6    6 107.93  60.40 239.0  0.4  6.4  4.7  3.0
2020-01-01T00:16:40.200000Z 52.045 36.111  2.8    8    8    8  87.10  21.40 199.0  0.9  8.3 11.0  4.0
2020-01-01T00:18:20.600000Z 51.783 36.295 19.3    9    9    9  75.61  36.10 128.0  0.7  6.1  7.6  4.5
2020-01-01T00:19:59.900000Z 52.216 36.105 15.5    8    8    8  81.25  16.80 161.0  0.7  6.5  3.9  4.0
2020-01-01T00:21:40.300000Z 52.208 35.808 20.4    8    8    8 112.49  78.10 228.0  0.9 13.1 13.9  4.0
2020-01-01T00:23:20.100000Z 52.001 35.814  1.8    7    7    7 111.04  52.20 232.0  0.9 10.9 11.8  3.5
2020-01-01T00:25:00.600000Z 51.911 36.179  9.8    5    5    5  81.14  27.40 192.0  0.6  6.6  5.8  2.5
2020-01-01T00:26:40.100000Z 51.836 35.915 12.9    6    6    6  81.85  22.70 299.0  0.7 13.8  5.3  3.0
2020-01-01T00:28:19.400000Z 51.779 35.802 10.6    7    7    7 103.77  35.10 310.0  1.0 23.1  9.5  3.5
2020-01-01T00:29:58.900000Z 51.803 35.908 25.8    9    9    9 111.61  52.70 229.0  0.9 15.3 27.1  4.5
2020-01-01T00:31:40.100000Z 51.709 36.089 20.5    6    6    6  88.78  29.90 285.0  0.8 17.8  9.2  3.0
2020-01-01T00:33:19.200000Z 52.357 36.146  3.1   10   10   10  72.70  18.60 161.0  1.0  6.7  7.3  5.0
2020-01-01T00:34:59.000000Z 51.942 35.773  3.4   10   10   10 107.65  30.90 237.0  0.8  9.0  8.4  5.0
2020-01-01T00:36:40.400000Z 51.869 36.384 12.0    6    6    6  72.22  32.90 257.0  0.5  8.8  5.1  3.0
2020-01-01T00:38:20.200000Z 52.060 35.875 18.8    6    6    6  92.80  18.50 276.0  0.9 18.0  7.6  3.0
2020-01-01T00:40:00.300000Z 52.052 36.450 11.9    7    7    7  67.91  28.30 106.0  0.7  5.6  7.1  3.5
2020-01-01T00:41:39.800000Z 52.017 36.161  6.4   10   10   10  78.80  13.40 108.0  1.0  7.3  7.1  5.0
2020-01-01T00:43:20.000000Z 52.060 35.925 15.7    8    8    8  91.91  13.00 219.0  0.8  9.2  4.3  4.0
2020-01-01T00:45:01.500000Z 51.769 35.992  6.0   10   10   10  99.15  24.60 221.0  1.1 10.8  7.5  5.0
2020-01-01T00:46:39.400000Z 51.908 36.126  8.0   10   10   10  85.10  14.90 157.0  1.2  9.7  7.9  5.0
2020-01-01T00:48:19.700000Z 52.172 36.182 17.9    5    5    5  62.19   8.67 208.0  0.5  6.4  3.0  2.5
2020-01-01T00:49:59.800000Z 52.049 36.207  7.5    9    9    9  75.00  14.70  94.0  1.0  7.2  6.3  4.5
2020-01-01T00:51:40.500000Z 51.853 36.311  7.1    9    9    9  86.04  31.80 117.0  1.1  8.3  8.1  4.5
2020-01-01T00:53:20.600000Z 52.013 35.931 14.5    5    5    5  94.56  12.30 281.0  0.9 19.3  5.5  2.5
2020-01-01T00:55:00.900000Z 52.133 36.013 10.0    5    5    5 107.26  59.90 208.0  0.8  9.9 13.6  2.5
2020-01-01T00:56:39.700000Z 52.248 36.336  9.1    9    9    9  67.65   9.79 110.0  1.0  7.3  5.3  4.5
2020-01-01T00:58:19.700000Z 52.469 35.678  7.4    9    9    9 111.99  56.20 236.0  0.7  8.8  8.5  4.5
2020-01-01T00:59:58.900000Z 51.675 35.836  4.3    9    9    9 104.90  39.70 243.0  0.9 11.0  6.4  4.5
2020-01-01T01:01:39.800000Z 52.008 36.205 16.0    7    7    7  70.41  18.20 189.0  1.1 14.5  8.4  3.5
2020-01-01T01:03:20.900000Z 52.061 35.581 20.6   10   10   10 121.31  51.10 249.0  1.1 15.1 11.2  5.0
2020-01-01T01:05:00.300000Z 51.946 36.192 12.5   10   10   10  80.75  18.60 125.0  1.0  7.8  6.8  5.0
2020-01-01T01:06:41.400000Z 52.111 36.177 17.5    6    6    6  80.45  44.10 270.0  0.7 11.7  7.8  3.0
2020-01-01T01:08:20.300000Z 51.951 35.945 25.2    8    8    8  94.11  41.20 231.0  0.8 10.9  7.4  4.0
2020-01-01T01:10:00.400000Z 52.048 36.114 17.6    8    8    8  79.53   8.17 102.0  0.9  9.9  5.0  4.0
2020-01-01T01:11:40.100000Z 52.057 36.031  5.5   10   10   10  83.53   2.22 208.0  0.7  6.6  3.7  5.0
2020-01-01T01:13:19.200000Z 51.851 36.135  5.5    5    5    5 103.84  19.50 165.0  0.9 10.7 11.2  2.5
2020-01-01T01:14:59.800000Z 52.036 36.231 19.2    8    8    8  55.51  15.10  95.0  0.9  8.0 11.7  4.0
2020-01-01T01:16:40.500000Z 52.276 36.059 13.2    7    7    7  79.09  21.80 181.0  0.8  8.1  5.1  3.5
2020-01-01T01:18:20.400000Z 51.866 35.919 41.8    5    5    5 129.48  80.00 313.0  0.6 17.7  7.3  2.5
2020-01-01T01:19:59.700000Z 52.062 35.994 14.7    7    7    7  91.85   5.77 212.0  0.6  7.8  3.5  3.5
2020-01-01T01:21:40.500000Z 51.950 36.003 17.5    9    9    9  95.60   8.71 213.0  0.6  6.8  3.2  4.5
2020-01-01T01:23:20.200000Z 51.801 36.124 35.4    5    5    5 117.16  55.90 202.0  0.6 14.2 42.3  2.5
2020-01-01T01:24:59.800000Z 51.898 36.276 10.0    8    8    8  83.25  27.30 117.0  1.1  8.9 11.8  4.0
2020-01-01T01:26:38.300000Z 52.081 36.066  7.1    6    6    6  85.57  23.70 224.0  0.5  5.5  4.6  3.0
2020-01-01T01:28:20.100000Z 51.746 36.025 21.4    7    7    7  75.89  26.10 215.0  0.3  5.3  3.1  3.5
2020-01-01T01:30:00.300000Z 52.177 35.772 22.4    9    9    9 101.23  32.50 232.0  0.9 12.3  7.9  4.5
2020-01-01T01:31:40.000000Z 51.908 36.030 14.3    6    6    6 104.28  11.60 282.0  0.7 14.9  4.6  3.0
2020-01-01T01:33:18.800000Z 51.729 36.036  5.2    5    5    5 107.42  54.20 223.0  0.8 16.2 17.1  2.5
2020-01-01T01:35:00.500000Z 52.223 35.828  1.5    9    9    9  95.26  29.00 250.0  0.6  7.8  7.2  4.5
2020-01-01T01:36:41.200000Z 52.059 35.727 16.1    5    5    5 126.96  92.10 238.0  0.5 11.7 13.9  2.5
2020-01-01T01:38:20.100000Z 52.007 35.665 12.8    9    9    9 115.14  41.80 244.0  0.7  9.5  5.5  4.5
2020-01-01T01:39:59.800000Z 52.263 36.103  7.0    6    6    6  60.33  17.90 176.0  0.9  8.1  7.2  3.0
2020-01-01T01:41:41.000000Z 51.998 35.844 12.5    7    7    7 112.00  49.20 229.0  0.6  8.1  6.7  3.5
2020-01-01T01:43:20.500000Z 52.282 36.433 12.1    8    8    8  69.72  11.80 100.0  0.6  4.5  3.7  4.0
2020-01-01T01:45:00.600000Z 51.614 36.250 16.3    9    9    9  95.34  36.20 155.0  0.8  8.5  7.4  4.5
2020-01-01T01:46:40.500000Z 52.362 36.056 18.1    8    8    8  84.25  29.50 184.0  0.7  8.3  6.9  4.0
2020-01-01T01:48:20.400000Z 51.749 36.198 11.8    8    8    8  82.09  31.10 158.0  0.6  5.0  4.6  4.0
2020-01-01T01:50:00.800000Z 51.996 35.875 10.0    8    8    8  98.69  18.70 226.0  0.7  8.9  5.8  4.0
2020-01-01T01:51:41.800000Z 51.824 36.162  7.2    5    5    5  89.04  23.30 246.0  1.0 24.2 16.1  2.5
2020-01-01T01:53:19.100000Z 52.222 35.829 16.3    5    5    5  79.36  28.90 256.0  0.6  9.9  4.9  2.5
2020-01-01T01:54:59.600000Z 52.142 35.738 10.6   10   10   10 105.34  34.90 235.0  0.6  6.6  5.0  5.0
2020-01-01T01:56:40.000000Z 52.187 36.019 12.3   10   10   10  81.77  13.90 198.0  0.7  6.2  4.2  5.0
2020-01-01T01:58:20.000000Z 51.983 35.989 10.8    5    5    5  88.05   7.43 242.0  0.6  8.6  3.7  2.5
2020-01-01T02:00:00.100000Z 52.196 36.185  5.0    7    7    7  73.39   7.93 192.0  0.5  5.3  4.8  3.5
2020-01-01T02:01:40.200000Z 52.044 36.092  4.5    5    5    5  85.12   5.69 111.0  0.5  4.5  3.5  2.5
2020-01-01T02:03:19.900000Z 52.002 36.157 16.0    7    7    7  66.49  13.20 115.0  0.7  9.9  6.6  3.5
2020-01-01T02:05:00.800000Z 52.065 36.183 17.2    9    9    9  82.84  14.70 190.0  1.1 10.9  6.9  4.5
2020-01-01T02:06:39.500000Z 51.934 35.493 10.0    8    8    8 128.57  61.50 259.0  0.6  9.2  7.8  4.0
2020-01-01T02:08:20.200000Z 52.238 36.495 10.9    7    7    7  48.71  10.90 107.0  0.8  7.0  9.7  3.5
2020-01-01T02:09:59.700000Z 52.152 35.976  0.0    7    7    7  83.54  12.70 212.0  1.3 12.7 12.3  3.5
2020-01-01T02:11:40.100000Z 51.959 36.007 10.0    6    6    6 113.13  67.30 281.0  0.9 16.6 10.0  3.0
2020-01-01T02:13:18.800000Z 51.947 35.699 17.1    6    6    6 106.18  38.70 243.0  0.9 13.2  6.8  3.0
2020-01-01T02:15:02.600000Z 51.880 35.890 19.6    7    7    7  90.77  21.80 248.0  0.9 15.1  7.6  3.5
2020-01-01T02:16:40.100000Z 52.101 35.937 10.0    9    9    9  89.67  12.90 254.0  0.8 12.9  6.3  4.5
2020-01-01T02:18:19.400000Z 52.072 35.933 17.3    6    6    6 104.83  12.40 265.0  0.6 14.1  4.8  3.0
2020-01-01T02:19:59.700000Z 52.249 36.011  9.5    8    8    8  89.56  19.60 198.0  0.9  8.9  7.5  4.0
2020-01-01T02:21:40.100000Z 52.515 35.585 11.5   10   10   10 116.28  66.60 244.0  1.0 13.5 11.0  5.0
2020-01-01T02:23:18.800000Z 51.837 36.178 18.3    6    6    6  86.92  33.80 282.0  0.9 16.6 10.5  3.0
2020-01-01T02:24:59.900000Z 52.546 35.977 13.0    5    5    5  76.16  42.60 201.0  1.2 16.4 11.6  2.5
2020-01-01T02:26:40.500000Z 52.060 35.985 10.0    6    6    6  97.85  65.20 235.0  0.8 12.4 18.8  3.0
2020-01-01T02:28:19.800000Z 52.293 35.918  8.3    8    8    8 101.90  64.80 216.0  0.9 10.5 11.6  4.0
2020-01-01T02:30:00.300000Z 52.134 35.935 14.7    5    5    5  76.04  14.80 231.0  0.5  8.6  4.4  2.5
2020-01-01T02:31:39.400000Z 51.667 36.145 11.5    6    6    6 100.88  35.10 182.0  0.7  6.9  7.7  3.0
2020-01-01T02:33:19.600000Z 52.106 36.259  3.8    5    5    5  54.99   8.46 181.0  0.9  9.7  8.1  2.5
2020-01-01T02:35:00.300000Z 51.968 35.908 15.5    8    8    8  98.62  16.00 284.0  1.1 20.7  6.8  4.0
2020-01-01T02:36:39.500000Z 52.088 36.021 16.4    8    8    8  81.07   5.20 208.0  1.0 10.5  4.9  4.0
2020-01-01T02:38:20.200000Z 52.056 35.986 18.0    9    9    9  95.81  32.70 213.0  0.9 10.1 15.9  4.5
2020-01-01T02:39:59.700000Z 52.250 36.062 21.1    9    9    9  70.90  19.50 179.0  0.6  5.9  4.4  4.5
2020-01-01T02:41:40.200000Z 52.406 36.246 19.1    7    7    7  80.51  30.90 181.0  1.1 13.1 12.4  3.5
2020-01-01T02:43:19.300000Z 52.164 35.579 11.9    6    6    6 115.17  52.50 282.0  0.7 25.3 17.7  3.0
2020-01-01T02:44:59.800000Z 52.128 36.094  8.0    7    7    7  78.96  19.10 199.0  0.8  7.7  6.8  3.5
2020-01-01T02:46:39.800000Z 52.172 36.251  9.5    8    8    8  74.31   2.59 181.0  0.8  7.3  4.0  4.0
2020-01-01T02:48:19.800000Z 51.906 36.184  4.7    6    6    6  70.73  19.60 137.0  0.9  6.7  9.6  3.0
2020-01-01T02:50:00.200000Z 51.885 36.468 21.2    9    9    9  78.37  32.10 121.0  0.5  3.9  4.2  4.5
2020-01-01T02:51:39.200000Z 51.633 35.505 34.1    6    6    6 157.80  94.90 268.0  0.8 15.8 13.5  3.0
2020-01-01T02:53:20.000000Z 51.655 35.840  3.1   10   10   10 115.15  40.90 243.0  1.1 12.7 10.4  5.0
2020-01-01T02:54:59.200000Z 51.746 36.477 13.2    5    5    5  72.92  47.60 198.0  0.7 11.8  6.9  2.5
2020-01-01T02:56:40.700000Z 51.928 35.712 16.2    9    9    9 115.09  37.80 243.0  1.1 14.4  8.6  4.5
2020-01-01T02:58:19.000000Z 52.258 35.829  7.7   10   10   10  95.43  30.90 225.0  0.8  8.3  6.5  5.0
2020-01-01T03:00:00.700000Z 51.752 36.220  7.2    6    6    6  62.05  32.40 151.0  0.7  7.7 10.8  3.0
2020-01-01T03:01:39.500000Z 52.159 35.911  6.9    6    6    6  86.63  38.50 293.0  0.5  8.9  6.3  3.0
2020-01-01T03:03:19.900000Z 52.271 36.036 14.9    7    7    7  86.43  21.30 189.0  1.0 10.3  7.1  3.5
2020-01-01T03:04:59.900000Z 52.342 36.101 17.0    8    8    8  81.36  21.40 197.0  0.9 10.0  6.0  4.0
2020-01-01T03:06:39.400000Z 52.326 35.995 15.5    6    6    6  90.43  26.70 201.0  0.8 16.6 14.9  3.0
2020-01-01T03:08:19.700000Z 51.719 36.564  6.0    8    8    8  92.14  35.50 186.0  0.7  6.5  5.5  4.0
2020-01-01T03:09:58.200000Z 51.876 35.896  0.0    5    5    5  85.28  21.50 238.0  0.6  8.2  6.2  2.5
2020-01-01T03:11:39.900000Z 51.826 35.966  8.5    6    6    6 104.70  20.60 288.0  0.9 16.6  7.5  3.0
2020-01-01T03:13:19.400000Z 52.037 36.036 10.0    7    7    7 104.19  61.00 208.0  1.2 13.6 19.5  3.5
2020-01-01T03:14:59.700000Z 52.135 36.397 21.0   10   10   10  69.05  16.70  89.0  0.9  7.1  6.3  5.0
2020-01-01T03:16:39.200000Z 51.979 35.674 17.6    6    6    6 102.08  41.00 269.0  1.0 21.1 21.4  3.0
2020-01-01T03:18:20.100000Z 51.720 35.879 16.3   10   10   10 109.15  33.60 236.0  0.8 10.5  6.1  5.0
2020-01-01T03:20:00.000000Z 51.631 36.156 19.2    7    7    7  79.30  38.50 182.0  0.8  9.1  9.9  3.5
2020-01-01T03:21:40.000000Z 51.880 35.914  8.5    9    9    9  98.36  19.80 225.0  1.0 11.1  7.0  4.5
2020-01-01T03:23:21.000000Z 52.010 35.730 15.3    5    5    5 123.42  93.20 264.0  0.8 21.5 25.4  2.5
2020-01-01T03:24:59.700000Z 51.787 36.145 14.2    9    9    9  90.50  25.20 170.0  0.9  9.0  6.2  4.5
2020-01-01T03:26:40.400000Z 52.170 35.882 10.0    5    5    5 103.18  76.40 239.0  0.7 13.2 15.3  2.5
2020-01-01T03:28:21.300000Z 52.404 35.730  8.9    7    7    7  99.09  48.00 262.0  0.6  7.8  7.9  3.5
2020-01-01T03:29:59.500000Z 51.899 35.943  2.2    6    6    6  90.38  16.40 248.0  0.9 13.0  7.2  3.0
2020-01-01T03:31:40.000000Z 51.311 36.401 26.0    9    9    9 112.03  15.20 191.0  1.0 36.8 23.5  4.5
2020-01-01T03:33:21.100000Z 52.089 35.796  8.9    5    5    5  73.04  27.60 249.0  0.7  9.9  6.8  2.5
2020-01-01T03:35:00.200000Z 52.453 36.101 14.4    6    6    6  74.12  42.80 248.0  0.9 15.4  8.7  3.0
2020-01-01T03:36:39.700000Z 52.049 35.831 17.4    9    9    9 105.04  23.30 229.0  1.1 14.3  7.3  4.5
2020-01-01T03:38:21.300000Z 52.039 35.731  7.9    9    9    9 113.54  34.40 238.0  0.9 10.5  6.7  4.5
2020-01-01T03:40:00.900000Z 52.215 35.965 10.4    7    7    7  92.73  63.00 212.0  1.0 11.5 11.1  3.5
2020-01-01T03:41:40.100000Z 52.046 36.251  5.2    8    8    8  78.41  13.90  91.0  1.2  8.9  9.8  4.0
2020-01-01T03:43:20.300000Z 52.065 36.063 13.1    8    8    8  85.74   3.64 143.0  1.1 11.4  5.5  4.0
2020-01-01T03:44:59.200000Z 52.108 35.835  3.7    8    8    8  97.66  47.40 227.0  1.1 12.5 14.1  4.0
2020-01-01T03:46:40.000000Z 52.182 36.332 10.7   10   10   10  68.24   8.54  79.0  1.2  8.0  7.7  5.0
2020-01-01T03:48:19.800000Z 52.141 36.190 15.0    9    9    9  65.48   9.08 121.0  0.8  6.2  4.0  4.5
2020-01-01T03:49:59.500000Z 51.833 35.852  2.6    5    5    5 118.42  73.90 234.0  0.8 13.2 13.1  2.5
2020-01-01T03:51:39.900000Z 51.665 36.274 13.9    6    6    6  85.72  40.60 145.0  1.0  9.5  9.7  3.0
2020-01-01T03:53:20.300000Z 51.962 36.289 19.8    5    5    5  89.16  21.80 198.0  0.9 15.6  9.7  2.5
2020-01-01T03:54:59.900000Z 51.846 35.946  0.0    5    5    5 124.38  46.90 287.0  1.1 21.9 16.0  2.5
2020-01-01T03:56:40.100000Z 52.025 36.179 13.9    9    9    9  76.98  15.30 103.0  0.9  7.1  4.8  4.5
2020-01-01T03:58:20.700000Z 52.028 36.074 11.3    9    9    9  83.37   3.72 119.0  0.9  8.3  5.2  4.5
2020-01-01T04:00:00.700000Z 52.087 36.070  0.0    6    6    6  67.42  23.10 281.0  0.8 11.7  8.4  3.0
2020-01-01T04:01:40.100000Z 51.736 36.011  9.6    8    8    8  94.66  27.20 290.0  0.6  9.3  4.3  4.0
2020-01-01T04:03:20.200000Z 51.970 35.990 20.3    8    8    8  90.17   8.14 214.0  1.0 11.9  6.1  4.0
2020-01-01T04:05:01.000000Z 52.082 35.883 10.1    6    6    6  95.58  18.00 223.0  0.9 12.3  8.4  3.0
2020-01-01T04:06:40.200000Z 51.960 35.947 10.0    9    9    9  93.60  12.40 219.0  0.7  7.2  3.8  4.5
2020-01-01T04:08:19.700000Z 52.120 36.152 14.5    8    8    8  74.22  13.70 193.0  0.8  8.8  6.0  4.0
2020-01-01T04:10:00.700000Z 51.811 36.117 17.3    5    5    5  81.30  21.80 267.0  0.8 15.9  6.0  2.5
2020-01-01T04:11:40.700000Z 52.454 35.687  6.9    7    7    7 113.16  54.50 265.0  0.9 15.2 13.4  3.5
2020-01-01T04:13:19.500000Z 51.813 35.747  7.2   10   10   10 114.86  38.30 244.0  0.9 10.3  6.5  5.0
2020-01-01T04:15:00.300000Z 51.942 36.369  8.8    8    8    8  88.01  37.40 104.0  0.9  8.1 10.8  4.0
2020-01-01T04:16:39.800000Z 52.010 35.849 16.8    8    8    8  96.20  21.40 228.0  0.8 10.7  5.3  4.0
2020-01-01T04:18:19.500000Z 52.138 35.860 10.0    6    6    6  92.85  22.10 276.0  1.0 20.3 10.3  3.0
2020-01-01T04:20:00.800000Z 52.225 36.109 16.7    9    9    9  77.26  16.50 160.0  0.5  4.9  2.6  4.5
2020-01-01T04:21:39.900000Z 52.319 35.871  8.1    8    8    8  90.84  31.70 220.0  0.6  6.6  5.5  4.0
2020-01-01T04:23:19.900000Z 52.681 36.184 13.2    9    9    9  69.39  20.50 166.0  0.6  5.4  4.0  4.5
2020-01-01T04:25:00.400000Z 52.151 36.001 12.4   10   10   10  83.73  11.30 209.0  0.9  8.4  5.1  5.0
2020-01-01T04:26:39.600000Z 51.825 35.803 18.2    8    8    8 113.56  32.50 239.0  0.9 13.3 12.2  4.0
2020-01-01T04:28:18.500000Z 51.893 35.694 40.7    5    5    5 150.40 115.00 293.0  0.9 25.9 15.7  2.5
2020-01-01T04:30:01.000000Z 52.053 35.833 19.4    9    9    9 107.53  48.80 228.0  0.8 10.7  9.8  4.5
2020-01-01T04:31:39.600000Z 52.156 36.204 10.4    5    5    5  44.17   7.04 141.0  1.0 12.1 10.5  2.5
2020-01-01T04:33:19.800000Z 51.855 36.245 16.4    9    9    9  82.52  27.90 131.0  0.8  6.9  5.8  4.5
2020-01-01T04:34:59.000000Z 51.890 36.256  8.6    5    5    5  69.04  27.20 218.0  0.8 12.0  9.8  2.5
2020-01-01T04:36:39.400000Z 52.051 36.265 17.7    5    5    5  53.56  24.90 179.0  1.0 13.3  8.9  2.5
2020-01-01T04:38:21.200000Z 51.787 36.004 11.2    6    6    6  74.63  22.70 222.0  1.0 14.0  7.8  3.0
2020-01-01T04:40:00.700000Z 52.346 35.908 12.7    6    6    6  99.05  61.50 216.0  0.9 12.2 10.3  3.0
2020-01-01T04:41:39.100000Z 51.549 35.523  3.1   10   10   10 144.96  72.40 271.0  1.1 20.1 15.0  5.0
2020-01-01T04:43:19.100000Z 51.488 35.551  1.2    7    7    7 157.51  85.60 272.0  0.4 12.8  9.5  3.5
2020-01-01T04:44:59.800000Z 51.902 36.288 17.2    7    7    7  90.71  27.00 173.0  0.7  6.3  5.5  3.5
2020-01-01T04:46:39.900000Z 51.908 36.058 21.7    9    9    9  88.09  11.60 193.0  1.0 11.8  6.8  4.5
2020-01-01T04:48:20.600000Z 51.996 36.009 10.0    7    7    7  88.97  33.10 221.0  0.6  8.0  9.7  3.5
2020-01-01T04:49:59.400000Z 51.893 35.968 20.4    7    7    7  93.90  15.20 285.0  1.0 20.2  7.0  3.5
2020-01-01T04:51:40.600000Z 52.091 35.758 17.1    5    5    5  81.66  31.70 253.0  0.6  9.5  4.9  2.5
2020-01-01T04:53:20.000000Z 52.193 36.235 15.6    8    8    8  62.42   2.47 123.0  1.0  8.4  4.8  4.0
2020-01-01T04:54:59.400000Z 51.988 36.147 10.0    5    5    5  74.80  53.00 279.0  0.7 13.3 10.1  2.5
2020-01-01T04:56:39.100000Z 51.836 35.861 14.5    6    6    6  94.75  26.80 314.0  0.9 24.5  7.6  3.0
2020-01-01T04:58:18.400000Z 52.082 35.897  7.6    5    5    5  77.62  16.60 247.0  0.7 10.6  6.3  2.5
2020-01-01T05:00:01.000000Z 51.893 35.867 10.0    6    6    6  98.33  51.30 242.0  0.7  9.1  8.4  3.0
2020-01-01T05:01:39.900000Z 51.894 36.224 13.8    6    6    6  98.13  23.90 220.0  0.9 20.2  9.9  3.0
2020-01-01T05:03:19.400000Z 51.575 36.085  0.0    9    9    9 107.61  39.50 208.0  1.5 16.4 16.2  4.5
2020-01-01T05:04:59.400000Z 51.947 36.158 13.2    8    8    8  92.72  25.30 194.0  0.8  8.7  6.5  4.0
2020-01-01T05:06:39.500000Z 52.120 35.415 11.7    5    5    5 131.32  93.60 260.0  0.5  9.1 10.2  2.5
2020-01-01T05:08:20.600000Z 52.143 36.062 11.0    7    7    7  95.33  54.50 203.0  0.8  8.5  8.6  3.5
2020-01-01T05:09:58.100000Z 51.989 35.807  7.6    5    5    5  90.54  26.30 256.0  1.4 19.2 14.4  2.5
2020-01-01T05:11:39.500000Z 52.223 35.896 11.7    7    7    7  80.40  23.30 255.0  0.8 11.5  7.6  3.5
2020-01-01T05:13:19.400000Z 52.415 36.114 19.4    7    7    7  82.07  35.10 171.0  0.7  7.3  7.7  3.5
2020-01-01T05:14:59.600000Z 52.477 35.805 13.8   10   10   10  96.44  47.60 225.0  0.8  8.2  5.4  5.0
2020-01-01T05:16:40.800000Z 51.575 36.216 20.0    8    8    8 104.94  33.50 194.0  0.6  6.9  6.3  4.0
2020-01-01T05:18:21.700000Z 52.149 36.033 20.9    5    5    5  99.76  76.10 206.0  1.3 19.8 42.1  2.5
2020-01-01T05:20:00.000000Z 51.626 35.921 12.9    9    9    9 112.96  39.20 237.0  0.9 11.7  6.4  4.5
2020-01-01T05:21:39.200000Z 52.170 35.948  3.4    7    7    7  93.30  15.90 215.0  0.5  5.8  4.5  3.5
2020-01-01T05:23:19.300000Z 51.933 35.951 20.1    9    9    9  85.27  13.60 230.0  1.0 12.8  6.5  4.5
2020-01-01T05:24:59.700000Z 51.763 35.880 10.4    9    9    9 106.72  30.40 234.0  0.7  8.4  5.8  4.5
2020-01-01T05:26:40.700000Z 51.666 36.374 18.1    9    9    9  82.99  41.70 129.0  0.7  6.5 12.9  4.5
2020-01-01T05:28:18.300000Z 51.873 36.095  0.1   10   10   10  88.27  15.80 178.0  1.1  9.1 10.6  5.0
2020-01-01T05:30:00.400000Z 51.759 36.193 21.5    9    9    9  97.21  40.30 193.0  1.0 10.6  8.8  4.5
2020-01-01T05:31:40.000000Z 51.575 36.161 15.2    5    5    5 100.10  43.50 288.0  0.5 11.8  5.5  2.5
2020-01-01T05:33:19.500000Z 51.984 36.477  7.4    7    7    7  74.30  33.70 110.0  1.1  8.8 11.6  3.5
2020-01-01T05:35:00.100000Z 51.683 35.998 16.0    5    5    5  94.62  32.10 226.0  0.9 16.6  7.8  2.5
2020-01-01T05:36:40.100000Z 52.086 36.313 17.7    5    5    5  90.64  71.00 171.0  1.2 12.8 28.0  2.5
2020-01-01T05:38:19.300000Z 51.871 36.014 20.7    8    8    8  85.76  15.10 284.0  0.8 15.0  5.6  4.0
2020-01-01T05:40:00.300000Z 51.568 35.802  1.5    5    5    5 114.58  49.80 333.0  0.5 18.0  7.8  2.5
2020-01-01T05:41:40.200000Z 52.085 36.273  9.0    8    8    8  69.62  26.20  96.0  1.1  7.8  9.4  4.0
2020-01-01T05:43:21.200000Z 52.007 36.468  8.8    8    8    8  72.95  28.00 185.0  0.7  7.4  4.8  4.0
2020-01-01T05:45:01.000000Z 52.366 36.022 23.2    5    5    5  73.68  29.90 281.0  1.1 21.4 10.7  2.5
2020-01-01T05:46:39.800000Z 51.470 35.594 14.5    9    9    9 141.91  71.10 271.0  0.8 20.7 21.4  4.5
2020-01-01T05:48:20.300000Z 51.838 36.231 11.0    7    7    7  83.61  32.70 187.0  0.7  7.9  7.8  3.5
2020-01-01T05:50:00.900000Z 52.075 35.535 15.5    9    9    9 121.33  56.20 252.0  0.8 11.5  7.1  4.5
2020-01-01T05:51:40.200000Z 51.955 36.321 20.7    8    8    8  72.04  23.20 100.0  0.8  7.5  7.1  4.0
2020-01-01T05:53:19.400000Z 51.904 35.838 16.0    9    9    9 104.32  25.50 232.0  1.2 15.5  7.9  4.5
2020-01-01T05:54:59.600000Z 52.460 36.002 16.2    8    8    8  87.25  36.70 197.0  0.7  7.1  4.3  4.0
2020-01-01T05:56:40.000000Z 51.845 36.071 18.8    6    6    6 102.10  67.80 290.0  0.8 16.9 11.6  3.0
2020-01-01T05:58:19.900000Z 51.954 35.926 21.0    9    9    9  97.00  14.70 284.0  1.1 18.6  6.7  4.5
2020-01-01T05:59:58.900000Z 52.247 36.185 12.3    5    5    5  97.48  59.10 256.0  0.6 12.4  5.7  2.5
2020-01-01T06:01:40.400000Z 52.174 35.988 15.0    6    6    6  70.92  13.90 224.0  0.8 10.4  5.6  3.0
2020-01-01T06:03:19.800000Z 52.239 35.970 33.6    7    7    7 102.89  62.00 211.0  0.9 13.2 50.8  3.5
2020-01-01T06:04:59.700000Z 52.097 36.241  8.2    7    7    7  74.63   9.41 182.0  0.6  5.5  4.1  3.5
2020-01-01T06:06:40.100000Z 52.185 36.391 14.6   10   10   10  67.68  15.00  81.0  1.0  6.9  5.3  5.0
2020-01-01T06:08:19.400000Z 52.088 35.578  7.1   10   10   10 120.74  51.50 249.0  0.7  9.5  8.0  5.0
2020-01-01T06:10:00.000000Z 51.758 36.308  9.4    6    6    6  81.17  38.80 128.0  0.6  5.7 10.2  3.0
2020-01-01T06:11:38.500000Z 51.896 36.062 15.8    5    5    5 105.04  65.60 289.0  0.8 21.5 20.9  2.5
2020-01-01T06:13:18.700000Z 51.781 36.245  4.8    7    7    7  95.31  32.20 241.0  1.0 14.5  8.3  3.5
2020-01-01T06:14:59.300000Z 51.833 36.323 18.9    5    5    5  74.06  36.20 224.0  0.9 34.6 32.5  2.5
2020-01-01T06:16:40.100000Z 51.889 36.241 14.2   10   10   10  82.06  25.80 126.0  0.8  6.4  5.6  5.0
2020-01-01T06:18:20.100000Z 52.159 35.842 15.4    8    8    8 105.71  46.10 225.0  0.8 10.1  7.2  4.0
2020-01-01T06:20:00.300000Z 52.242 35.776 17.8    8    8    8 105.00  34.80 256.0  0.5  8.9  9.9  4.0
2020-01-01T06:21:39.800000Z 51.848 36.165  8.6   10   10   10  86.49  21.70 154.0  1.2  9.7  8.8  5.0
2020-01-01T06:23:21.200000Z 51.857 35.928 11.9    9    9    9  98.97  20.40 225.0  1.0 11.8  6.7  4.5
2020-01-01T06:24:59.500000Z 51.895 35.751 22.6   10   10   10 111.18  34.60 241.0  0.9 11.8  7.1  5.0
2020-01-01T06:26:39.600000Z 52.257 36.138  8.2    5    5    5 106.54  63.80 193.0  0.8  9.6 12.5  2.5
2020-01-01T06:28:20.200000Z 51.947 35.994 19.4    7    7    7  75.88   9.53 214.0  0.6  7.6  4.7  3.5
2020-01-01T06:30:00.500000Z 52.134 36.393 17.3   10   10   10  69.06  16.30  89.0  1.0  7.5  5.1  5.0
2020-01-01T06:31:38.700000Z 52.186 35.868  2.2    7    7    7  98.60  43.20 278.0  0.6 12.9 10.9  3.5
2020-01-01T06:33:21.400000Z 52.204 36.022 15.7    7    7    7  81.44  26.00 206.0  0.8  9.6  6.5  3.5
2020-01-01T06:35:00.300000Z 51.959 36.406  4.3   10   10   10  75.96  27.30 106.0  1.0  6.6 11.6  5.0
2020-01-01T06:36:40.900000Z 51.901 35.946  6.8    9    9    9  86.69  16.00 221.0  0.8  8.2  5.4  4.5
2020-01-01T06:38:18.600000Z 51.546 35.636  3.8    7    7    7 133.81  63.00 304.0  0.9 17.4  9.6  3.5
2020-01-01T06:40:01.700000Z 52.091 35.877 21.6    5    5    5  76.98  43.20 239.0  0.7 11.7  8.9  2.5
2020-01-01T06:41:40.300000Z 52.120 35.779 16.2    9    9    9 103.97  30.10 232.0  1.1 13.7  8.0  4.5
2020-01-01T06:43:20.100000Z 51.832 36.188 14.9   10   10   10  86.71  24.50 150.0  1.1  9.3  6.9  5.0
2020-01-01T06:45:00.300000Z 52.333 36.172 10.0    7    7    7  74.13  15.20 153.0  0.7  6.0  5.2  3.5
2020-01-01T06:46:40.500000Z 52.263 36.388 14.2    9    9    9  71.69  16.90 101.0  1.0  7.5  6.7  4.5
2020-01-01T06:48:19.600000Z 52.241 35.769 15.8   10   10   10 100.88  35.40 231.0  0.8  9.9  6.1  5.0
2020-01-01T06:49:59.000000Z 52.043 36.086 15.0    6    6    6  65.06   5.06 132.0  0.8 11.4  5.6  3.0
2020-01-01T06:51:38.400000Z 51.818 36.030 15.9    5    5    5 102.12  19.60 284.0  0.8 21.0  5.9  2.5
2020-01-01T06:53:19.900000Z 51.590 35.788 11.6    8    8    8 132.85  65.10 252.0  0.8 12.3  7.7  4.0
2020-01-01T06:55:00.800000Z 52.121 35.517  8.1    8    8    8 125.64  58.70 253.0  0.9 12.9 10.7  4.0
2020-01-01T06:56:40.800000Z 51.770 36.014 10.0    7    7    7  93.80  24.10 289.0  0.8 14.8 10.7  3.5