                        ORT    Lon    Lat  Dep  Nus  NuP  NuS    MDS   GAP  RMS    ERH   ERZ  MAG
2020-01-01T00:01:40.100000Z 52.365 35.868  7.7    8   10   10  35.40 220.0  0.4    4.7   3.7  5.0
2020-01-01T00:03:19.300000Z 51.856 35.719 18.6    5    5    5  67.20 311.0  0.3   12.1   6.5  2.5
2020-01-01T00:04:59.600000Z 52.183 35.478 15.4    9   10   10  63.80 254.0  0.3    5.2   6.1  5.0
2020-01-01T00:06:40.500000Z 52.404 35.836 10.7    4    5    5  40.30 255.0  0.0    4.9   3.3  2.5
2020-01-01T00:08:20.100000Z 52.079 35.957 10.0    5    5    5  67.30 301.0  0.3    5.0   3.6  2.5
2020-01-01T00:10:00.000000Z 52.330 35.548 10.0    8    8    8  60.90 272.0  0.4    7.1   8.0  4.0
2020-01-01T00:11:39.500000Z 51.915 35.901 14.7    8   10   10  19.00 226.0  0.2    3.2   1.8  5.0
2020-01-01T00:13:19.800000Z 52.261 35.724 18.1    6    6    6  40.60 258.0  0.2    5.1   3.8  3.0
2020-01-01T00:15:00.000000Z 51.965 35.816  4.2    5    5    5  53.30 232.0  0.3    4.5   5.7  2.5
2020-01-01T00:16:40.600000Z 52.002 36.175  6.5    6    7    7  20.00 191.0  0.3    6.9   2.7  3.5
2020-01-01T00:18:19.100000Z 51.695 36.269 10.0    8    8    8  39.70 252.0  0.6   11.5  13.1  4.0
2020-01-01T00:19:59.600000Z 52.219 36.092  9.3    7    7    7  17.50 166.0  0.3    4.4   2.8  3.5
2020-01-01T00:21:40.000000Z 52.210 35.838 15.5    6    7    7  76.00 225.0  0.3    5.5   6.6  3.5
2020-01-01T00:23:20.500000Z 51.996 35.798  6.9    5    6    6  86.50 257.0  0.2    5.0   4.2  3.0
2020-01-01T00:24:59.900000Z 51.994 36.077 14.6    3    4    4  27.20 319.0  0.3 1387.9 790.7  2.0
2020-01-01T00:26:40.300000Z 51.787 35.967 20.8    5    5    5  49.10 298.0  0.3   14.9   8.6  2.5
2020-01-01T00:28:20.500000Z 51.834 35.839  9.4    6    6    6  28.80 315.0  0.3    7.1   2.4  3.0
2020-01-01T00:30:00.500000Z 51.864 36.028 18.9    7    8    8  39.50 220.0  0.4    7.2   3.9  4.0
2020-01-01T00:31:40.800000Z 51.779 36.081 19.6    5    5    5  23.50 279.0  0.2    6.9   2.9  2.5
2020-01-01T00:33:20.400000Z 52.378 36.170  4.1    8    9    9  34.00 157.0  0.3    2.4   4.3  4.5
2020-01-01T00:34:59.900000Z 51.950 35.819  1.3    9    9    9  25.80 247.0  0.4    4.0   3.8  4.5
2020-01-01T00:36:39.800000Z 51.827 36.372 14.1    5    5    5  35.90 279.0  0.3    7.7   2.2  2.5
2020-01-01T00:38:17.800000Z 51.952 35.739 24.4    4    5    5  34.30 293.0  0.0   17.4   5.0  2.5
2020-01-01T00:40:00.100000Z 52.044 36.465 11.0   10   10   10  27.10 103.0  0.3    2.0   3.2  5.0
2020-01-01T00:41:40.100000Z 52.024 36.142  9.2    9    9    9  11.20 108.0  0.4    2.6   4.3  4.5
2020-01-01T00:43:20.600000Z 52.064 35.957 11.5    6    7    7  35.40 216.0  0.3    4.8   5.0  3.5
2020-01-01T00:44:59.500000Z 51.730 35.898  5.4    9    9    9  31.80 293.0  0.4   10.5   3.5  4.5
2020-01-01T00:46:40.000000Z 51.957 36.140  6.3    8    9    9  13.10 137.0  0.4    3.4   3.3  4.5
2020-01-01T00:48:19.700000Z 52.243 36.196 12.7    3    4    4   7.72 290.0  0.3   13.0   4.8  2.0
2020-01-01T00:49:59.900000Z 52.065 36.192 11.7    8    8    8  14.10  99.0  0.4    3.8   3.5  4.0
2020-01-01T00:51:40.000000Z 51.832 36.270  7.7    6    8    8  31.30 180.0  0.3    4.6   5.9  4.0
2020-01-01T00:53:19.700000Z 52.120 35.927  6.0    4    4    4  14.80 275.0  0.3    7.1   4.4  2.0
2020-01-01T00:55:00.300000Z 52.102 35.995 11.1    4    4    4  62.70 211.0  0.3    5.7   5.7  2.0
2020-01-01T00:56:39.800000Z 52.242 36.342 11.2    7    8    8  10.20 130.0  0.5    6.1   4.1  4.0
2020-01-01T00:58:19.800000Z 52.497 35.692  7.8    7    8    8  56.90 248.0  0.4    5.6   4.3  4.0
2020-01-01T00:59:59.900000Z 51.683 35.868  7.4    8    8    8  37.10 239.0  0.3    4.1   2.3  4.0
2020-01-01T01:01:40.100000Z 52.043 36.223 17.3    6    6    6  14.70 177.0  0.3    8.6   3.4  3.0
2020-01-01T01:03:19.600000Z 52.088 35.558 10.0    8    9    9  53.80 251.0  0.3    4.0   2.6  4.5
2020-01-01T01:05:00.000000Z 51.933 36.193 15.1    7    9    9  25.00 190.0  0.3    4.0   3.9  4.5
2020-01-01T01:06:40.200000Z 52.090 36.202  1.4    5    5    5  57.00 269.0  0.4   23.2  18.0  2.5
2020-01-01T01:08:19.500000Z 51.943 35.933 18.6    7    7    7  42.70 232.0  0.4    7.2   5.2  3.5
2020-01-01T01:10:00.400000Z 52.051 36.110 16.9    5    7    7   7.80 168.0  0.4   17.8   4.5  3.5
2020-01-01T01:11:40.100000Z 52.040 36.034  5.8    9    9    9  28.50 208.0  0.4    4.2   5.6  4.5
2020-01-01T01:13:20.100000Z 51.887 36.138 10.0    3    4    4  17.20 157.0  0.0    9.3   NaN  2.0
2020-01-01T01:14:59.900000Z 52.019 36.248 14.6    7    7    7  16.40  97.0  0.4    4.1   2.3  3.5
2020-01-01T01:16:41.400000Z 52.285 36.068 23.9    4    6    6  22.70 201.0  0.0    4.5   9.2  3.0
2020-01-01T01:18:20.900000Z 51.959 35.860 20.0    4    4    4  81.60 309.0  0.2   53.3  77.3  2.0
2020-01-01T01:20:00.200000Z 52.096 36.027 11.3    5    6    6   5.71 225.0  0.3    3.4   1.6  3.0
2020-01-01T01:21:39.400000Z 51.901 35.991 17.5    6    8    8  13.30 225.0  0.3    5.3   1.7  4.0
2020-01-01T01:23:20.300000Z 51.848 36.170 17.6    4    4    4  58.50 194.0  0.1    4.0   6.4  2.0
2020-01-01T01:25:00.000000Z 51.896 36.271 10.0    7    7    7  28.40 118.0  0.4    3.5   5.1  3.5
2020-01-01T01:26:40.200000Z 52.111 36.146 14.5    5    5    5  14.70 213.0  0.4    5.4   5.1  2.5
2020-01-01T01:28:20.000000Z 51.740 36.038 20.1    5    6    6  26.60 222.0  0.2    3.5   3.0  3.0
2020-01-01T01:30:00.200000Z 52.172 35.776 18.9    6    8    8  31.90 231.0  0.3    4.2   5.7  4.0
2020-01-01T01:31:40.100000Z 51.932 36.028 13.3    4    5    5   9.41 284.0  0.3    6.3   2.2  2.5
2020-01-01T01:33:20.200000Z 51.611 36.102 40.9    3    4    4  41.30 341.0  0.4   16.7  12.7  2.0
2020-01-01T01:35:00.400000Z 52.201 35.813  7.2    8   10   10  29.30 227.0  0.4    4.4   2.8  5.0
2020-01-01T01:36:40.800000Z 52.051 35.639 33.1    4    4    4 101.00 307.0  0.3   12.2  51.4  2.0
2020-01-01T01:38:20.200000Z 51.978 35.638 20.0    8    8    8  44.90 292.0  0.3    7.4   4.7  4.0
2020-01-01T01:40:00.200000Z 52.233 36.113 12.3    4    5    5  16.10 256.0  0.1   12.2   2.1  2.5
2020-01-01T01:41:40.100000Z 52.006 35.847  2.8    3    6    6  48.70 228.0  0.0    6.0   6.3  3.0
2020-01-01T01:43:20.000000Z 52.281 36.437 13.6    7    7    7  11.50  99.0  0.2    2.0   1.5  3.5
2020-01-01T01:45:00.000000Z 51.591 36.283 14.5    7    8    8  33.90 147.0  0.2    4.1   5.0  4.0
2020-01-01T01:46:40.000000Z 52.355 36.089 13.6    4    7    7  29.30 187.0  0.3    3.9   3.7  3.5
2020-01-01T01:48:20.000000Z 51.732 36.184 10.0    5    7    7  42.90 298.0  0.3    6.3   5.2  3.5
2020-01-01T01:49:59.500000Z 51.987 35.831 10.0    5    7    7  23.70 309.0  0.2   11.8   7.6  3.5
2020-01-01T01:51:39.100000Z 51.688 36.093 13.5    4    4    4  76.60 305.0  0.4   31.0  16.5  2.0
2020-01-01T01:53:19.600000Z 52.182 35.876 10.6    4    4    4  22.60 276.0  0.2    8.2   6.2  2.0
2020-01-01T01:55:00.300000Z 52.138 35.759 11.7    9    9    9  32.60 233.0  0.4    4.8   3.2  4.5
2020-01-01T01:56:40.000000Z 52.170 36.003 11.3    8    9    9  12.80 208.0  0.5    5.0   3.5  4.5
2020-01-01T01:58:20.500000Z 51.957 35.993 13.6    4    4    4   8.78 308.0  0.3   13.3   5.4  2.0
2020-01-01T01:59:59.400000Z 52.199 36.175  0.5    6    6    6  61.20 194.0  0.5    5.5  20.5  3.0
2020-01-01T02:01:39.800000Z 52.117 36.038  3.6    3    4    4   7.34 255.0  0.2   16.0   3.1  2.0
2020-01-01T02:03:19.500000Z 52.050 36.099 19.4    5    6    6   6.55 167.0  0.2    7.2   4.1  3.0
2020-01-01T02:04:59.900000Z 52.047 36.157 20.5    8   10   10  12.90  97.0  0.4    3.2   2.4  5.0
2020-01-01T02:06:40.600000Z 52.004 35.453 14.3    6    7    7  65.20 299.0  0.3   20.1   7.6  3.5
2020-01-01T02:08:20.000000Z 52.234 36.484 11.7    5    6    6  11.70 172.0  0.3    4.1   5.0  3.0
2020-01-01T02:09:59.700000Z 52.089 35.966  7.3   10   10   10   9.58 214.0  0.4    3.8   3.1  5.0
2020-01-01T02:11:40.500000Z 51.991 35.994 12.8    8   10   10   6.52 280.0  0.4    7.5   1.9  5.0
2020-01-01T02:13:20.000000Z 51.990 35.764 19.3    4    5    5  31.00 290.0  0.1    6.3   3.8  2.5
2020-01-01T02:14:59.400000Z 51.861 35.742 17.9    6    6    6  36.70 264.0  0.2    6.3   7.0  3.0
2020-01-01T02:16:40.700000Z 52.082 35.971 12.5    8    8    8   8.78 251.0  0.4   10.4   6.0  4.0
2020-01-01T02:18:21.100000Z 52.110 36.018 15.0    4    5    5   7.24 231.0  0.0    9.3   6.2  2.5
2020-01-01T02:20:00.300000Z 52.230 36.060  7.8    6    7    7  17.70 179.0  0.2    3.5   3.5  3.5
2020-01-01T02:21:39.900000Z 52.493 35.580 11.2    8    9    9  65.70 244.0  0.4    6.0   4.1  4.5
2020-01-01T02:23:22.200000Z 52.019 36.270 29.0    5    5    5  16.30 265.0  0.2   14.9   4.0  2.5
2020-01-01T02:25:00.300000Z 52.563 35.948 14.6    9   10   10  43.70 206.0  0.4    3.3   2.6  5.0
2020-01-01T02:26:39.800000Z 52.016 35.951  8.8    4    5    5  70.20 240.0  0.3    4.4   6.9  2.5
2020-01-01T02:28:20.200000Z 52.317 35.926 10.0    6    7    7  62.50 235.0  0.3    8.5   7.1  3.5
2020-01-01T02:30:01.400000Z 52.092 36.016 19.4    3    4    4   5.84 271.0  0.0   13.6   4.4  2.0
2020-01-01T02:31:39.500000Z 51.702 36.036 20.0    5    5    5  30.00 214.0  0.3    8.3   3.3  2.5
2020-01-01T02:33:20.100000Z 52.119 36.294  4.1    4    4    4   8.42 150.0  0.3    4.4  13.7  2.0
2020-01-01T02:35:00.000000Z 51.878 35.889 24.0    6    7    7  50.00 313.0  0.2    9.8   5.3  3.5
2020-01-01T02:36:40.100000Z 52.123 36.057 17.1   10   10   10   8.07 174.0  0.5    4.5   2.4  5.0
2020-01-01T02:38:19.600000Z 52.057 35.958 17.9    7    8    8  35.50 216.0  0.2    4.4   5.9  4.0
2020-01-01T02:40:00.000000Z 52.246 36.088 15.8   10   10   10  19.10 170.0  0.3    3.4   2.1  5.0
2020-01-01T02:41:39.900000Z 52.427 36.245 17.7    6    6    6  31.30 181.0  0.3    3.6   2.8  3.0
2020-01-01T02:43:19.900000Z 52.079 35.639 17.4    4    5    5  44.80 307.0  0.3   64.0  53.5  2.5
2020-01-01T02:45:00.400000Z 52.157 36.116 12.7    5    6    6  16.10 266.0  0.3    9.5   3.7  3.0
2020-01-01T02:46:39.700000Z 52.177 36.217 12.4    7    7    7   4.82 185.0  0.5    5.6   4.0  3.5