                        ORT    Lon    Lat  Dep  Nus  NuP  NuS    MDS   GAP  RMS   ERH   ERZ  MAG
2020-01-01T00:01:40.400000Z 52.369 35.871  8.7    7    8    8  35.50 220.0  0.4   4.1   4.3  4.0
2020-01-01T00:03:21.000000Z 51.890 35.787 23.4    5    6    6  59.10 294.0  0.4  11.6   5.7  3.0
2020-01-01T00:04:59.200000Z 52.190 35.484 10.0    5    5    5  85.70 293.0  0.5  21.0  11.0  2.5
2020-01-01T00:06:39.700000Z 52.406 35.838  6.4    6    6    6  40.40 254.0  0.3   4.0   2.2  3.0
2020-01-01T00:08:20.400000Z 52.087 35.959 11.0    6    6    6  66.90 290.0  0.4   6.0   3.7  3.0
2020-01-01T00:10:00.000000Z 52.322 35.561  9.1    7    9    9  59.20 247.0  0.4   6.2   5.0  4.5
2020-01-01T00:11:39.300000Z 51.925 35.891 14.2    7    9    9  19.30 298.0  0.2   4.6   1.4  4.5
2020-01-01T00:13:19.300000Z 52.235 35.725 15.8    6    7    7  39.40 286.0  0.4   8.4   5.4  3.5
2020-01-01T00:15:00.300000Z 51.924 35.783 11.5    6    6    6  58.10 237.0  0.3   6.9   5.4  3.0
2020-01-01T00:16:40.400000Z 52.006 36.144  8.1    5    8    8  21.50 314.0  0.3   5.7   3.3  4.0
2020-01-01T00:18:19.600000Z 51.727 36.250 20.2    8    9    9  36.10 249.0  0.4   9.5   5.4  4.5
2020-01-01T00:19:59.900000Z 52.223 36.091 15.1    8    8    8  17.80 167.0  0.2   3.6   2.7  4.0
2020-01-01T00:21:38.200000Z 52.207 35.762 12.6    7    8    8  81.40 232.0  0.4  11.3  10.1  4.0
2020-01-01T00:23:19.800000Z 51.971 35.764  6.1    6    7    7  58.40 237.0  0.3   5.7   6.6  3.5
2020-01-01T00:25:00.200000Z 51.933 36.159 10.0    5    5    5  26.30 194.0  0.1   3.5   6.3  2.5
2020-01-01T00:26:39.300000Z 51.819 35.897 13.7    6    6    6  25.20 300.0  0.5   9.7   3.3  3.0
2020-01-01T00:28:19.700000Z 51.816 35.796 10.0    7    7    7  33.60 309.0  0.3   8.5   4.6  3.5
2020-01-01T00:29:59.900000Z 51.840 36.004 19.6    8    9    9  42.80 217.0  0.6  12.1   9.5  4.5
2020-01-01T00:31:39.900000Z 51.751 36.071 17.2    6    6    6  25.80 284.0  0.4  10.3   6.3  3.0
2020-01-01T00:33:20.300000Z 52.382 36.176  5.4    8   10   10  18.60 188.0  0.3   3.6   2.3  5.0
2020-01-01T00:34:59.600000Z 51.963 35.788  4.3    8   10   10  28.80 235.0  0.4   3.3   3.0  5.0
2020-01-01T00:36:40.200000Z 51.849 36.382 11.9    6    6    6  34.50 260.0  0.3   5.1   3.3  3.0
2020-01-01T00:38:20.300000Z 52.038 35.868 19.2    6    6    6  19.10 282.0  0.3   8.3   2.6  3.0
2020-01-01T00:40:00.100000Z 52.041 36.460 12.0    7    7    7  28.50 109.0  0.3   3.7   3.7  3.5
2020-01-01T00:41:40.000000Z 52.036 36.137  8.5   10   10   10  10.70 103.0  0.4   4.3   3.2  5.0
2020-01-01T00:43:19.500000Z 52.070 35.908  9.9    7    8    8  15.00 221.0  0.4   4.5   2.6  4.0
2020-01-01T00:45:00.300000Z 51.736 35.954  4.9    7   10   10  28.60 227.0  0.3   5.5   2.7  5.0
2020-01-01T00:46:39.200000Z 51.943 36.129  3.6    8   10   10  12.80 277.0  0.4   5.9   9.4  5.0
2020-01-01T00:48:19.500000Z 52.206 36.238  0.0    3    5    5   2.04 273.0  0.2  11.4  15.2  2.5
2020-01-01T00:50:00.200000Z 52.062 36.203 13.1    8    9    9  13.80  98.0  0.4   3.6   3.5  4.5
2020-01-01T00:51:39.700000Z 51.823 36.270  8.1    7    9    9  31.80 277.0  0.2   4.9   2.0  4.5
2020-01-01T00:53:20.800000Z 52.161 35.969  7.5    4    5    5  13.90 225.0  0.0   6.4   3.3  2.5
2020-01-01T00:55:00.400000Z 52.126 35.985 10.0    5    5    5  63.00 212.0  0.3   5.1   8.3  2.5
2020-01-01T00:56:39.800000Z 52.242 36.347 10.8    8    9    9  10.70 104.0  0.3   2.9   2.6  4.5
2020-01-01T00:58:20.000000Z 52.495 35.680 10.0    8    9    9  57.60 236.0  0.4   5.9   7.1  4.5
2020-01-01T00:59:59.900000Z 51.679 35.888  4.3    7    9    9  36.30 237.0  0.3   4.2   4.2  4.5
2020-01-01T01:01:40.100000Z 52.050 36.167 19.1    5    7    7  14.00 176.0  0.3   9.4   3.9  3.5
2020-01-01T01:03:19.600000Z 52.057 35.550 11.4    9   10   10  54.50 252.0  0.5   7.8   5.5  5.0
2020-01-01T01:05:00.200000Z 51.947 36.192 14.3    7   10   10  18.50 125.0  0.4   3.9   2.7  5.0
2020-01-01T01:06:40.200000Z 52.035 36.149 10.1    6    6    6  50.30 276.0  0.4   9.4   6.1  3.0
2020-01-01T01:08:19.900000Z 51.953 35.950 18.7    8    8    8  40.60 230.0  0.3   8.0   7.0  4.0
2020-01-01T01:10:00.000000Z 52.042 36.102 16.4    7    8    8   6.78 128.0  0.3   3.3   1.8  4.0
2020-01-01T01:11:40.100000Z 52.053 36.028  6.3    9   10   10   2.15 218.0  0.4   4.1   2.7  5.0
2020-01-01T01:13:19.700000Z 51.846 36.089  9.8    3    5    5  17.90 184.0  0.1 226.3 134.5  2.5
2020-01-01T01:14:59.700000Z 52.031 36.239 11.7    7    8    8  15.30  95.0  0.3   3.5   5.5  4.0
2020-01-01T01:16:39.900000Z 52.239 36.044 21.5    6    7    7  18.30 186.0  0.2   8.5   4.7  3.5
2020-01-01T01:18:20.700000Z 51.991 35.886 13.4    5    5    5  77.80 307.0  0.3   8.3   6.9  2.5
2020-01-01T01:19:59.700000Z 52.081 35.998 13.9    7    7    7   6.31 211.0  0.2   3.3   1.4  3.5
2020-01-01T01:21:40.000000Z 51.935 35.991 18.6    9    9    9  10.60 215.0  0.3   5.6   2.0  4.5
2020-01-01T01:23:19.500000Z 51.824 36.073 18.5    5    5    5  59.90 209.0  0.2   9.5  13.1  2.5
2020-01-01T01:24:59.800000Z 51.897 36.276  7.6    6    8    8  27.30 117.0  0.4   4.7   3.9  4.0
2020-01-01T01:26:39.600000Z 52.083 36.129 12.0    6    6    6  17.60 215.0  0.3   6.3   3.3  3.0
2020-01-01T01:28:19.900000Z 51.747 36.027 21.4    7    7    7  26.00 215.0  0.2   3.4   2.6  3.5
2020-01-01T01:30:00.300000Z 52.176 35.796 19.8    8    9    9  30.00 229.0  0.3   3.4   3.7  4.5
2020-01-01T01:31:40.100000Z 51.923 36.022 12.8    6    6    6  10.30 282.0  0.3   8.3   2.4  3.0
2020-01-01T01:33:20.200000Z 51.640 36.114 19.8    5    5    5  43.00 214.0  0.4  16.7   7.2  2.5
2020-01-01T01:35:00.000000Z 52.195 35.806  4.2    9    9    9  29.80 258.0  0.4   5.9   3.9  4.5
2020-01-01T01:36:40.300000Z 52.067 35.702 12.1    5    5    5  94.50 240.0  0.2   4.0   5.0  2.5
2020-01-01T01:38:20.500000Z 51.986 35.640 20.0    9    9    9  44.70 247.0  0.4   6.3   6.7  4.5
2020-01-01T01:40:00.200000Z 52.234 36.101 11.8    6    6    6  17.50 173.0  0.3   4.1   3.6  3.0
2020-01-01T01:41:40.500000Z 51.995 35.832 10.0    6    7    7  50.60 230.0  0.3   4.2   5.5  3.5
2020-01-01T01:43:20.200000Z 52.286 36.439 12.4    8    8    8  11.00 100.0  0.4   2.2   1.6  4.0
2020-01-01T01:45:01.100000Z 51.645 36.280 14.2    8    9    9  38.80 257.0  0.4  10.5   2.7  4.5
2020-01-01T01:46:40.300000Z 52.355 36.080 19.6    8    8    8  29.10 177.0  0.3   4.1   3.6  4.0
2020-01-01T01:48:20.200000Z 51.734 36.186 12.3    8    8    8  31.50 163.0  0.3   3.2   2.3  4.0
2020-01-01T01:50:00.300000Z 52.037 35.853  9.9    6    8    8  20.80 307.0  0.4  19.3   9.3  4.0
2020-01-01T01:51:40.700000Z 51.785 36.130 11.4    4    5    5  24.60 259.0  0.2  14.6   8.0  2.5
2020-01-01T01:53:19.800000Z 52.179 35.848 16.8    4    5    5  24.90 288.0  0.3   6.3   2.0  2.5
2020-01-01T01:55:00.300000Z 52.127 35.751 13.4   10   10   10  33.20 234.0  0.3   4.4   2.7  5.0
2020-01-01T01:56:40.200000Z 52.174 36.012 12.6   10   10   10  12.90 202.0  0.4   4.4   2.3  5.0
2020-01-01T01:58:19.400000Z 51.977 35.957  9.9    5    5    5  10.60 245.0  0.4   7.7   4.0  2.5
2020-01-01T01:59:59.700000Z 52.191 36.162  2.4    7    7    7  10.50 196.0  0.3   2.7   2.8  3.5
2020-01-01T02:01:40.100000Z 52.089 36.063  5.1    4    5    5   5.48 188.0  0.1   5.1   2.2  2.5
2020-01-01T02:03:20.100000Z 52.026 36.152 15.3    6    7    7  12.30 184.0  0.4   4.8   2.4  3.5
2020-01-01T02:04:59.500000Z 52.042 36.141 18.7    8    9    9  19.10 271.0  0.4   8.9   5.7  4.5
2020-01-01T02:06:39.900000Z 51.930 35.491 10.0    8    8    8  61.80 259.0  0.4  13.8  15.7  4.0
2020-01-01T02:08:19.800000Z 52.219 36.473  9.5    6    7    7  13.50  93.0  0.4   4.4   4.6  3.5
2020-01-01T02:09:59.300000Z 52.081 35.942  8.5    5    7    7  11.70 273.0  0.2   7.8   2.5  3.5
2020-01-01T02:11:39.600000Z 51.959 35.985 10.0    5    6    6  69.40 281.0  0.5  11.4   8.4  3.0
2020-01-01T02:13:19.400000Z 52.003 35.703 21.1    4    6    6  37.60 241.0  0.4  10.4   6.0  3.0
2020-01-01T02:15:01.100000Z 51.892 35.826 16.0    5    7    7  27.10 255.0  0.4   6.7   3.0  3.5
2020-01-01T02:16:40.200000Z 52.053 35.947 12.8    8    9    9  10.50 271.0  0.4   5.9   2.3  4.5
2020-01-01T02:18:19.800000Z 52.139 35.960 15.3    6    6    6  12.90 234.0  0.4  11.1   5.5  3.0
2020-01-01T02:20:00.000000Z 52.223 36.040 10.0    7    8    8  16.90 200.0  0.3   6.5   6.3  4.0
2020-01-01T02:21:39.600000Z 52.499 35.559 10.8    9   10   10  67.90 246.0  0.5   6.6   5.4  5.0
2020-01-01T02:23:19.300000Z 51.852 36.168 30.3    5    6    6  32.80 295.0  0.3  10.1  19.6  3.0
2020-01-01T02:24:59.900000Z 52.564 35.939 18.1    4    5    5  44.30 208.0  0.0   5.1   9.2  2.5
2020-01-01T02:26:40.100000Z 52.037 35.955 10.6    4    6    6  69.10 244.0  0.4   7.0   7.7  3.0
2020-01-01T02:28:20.400000Z 52.297 35.955  9.0    8    8    8  62.40 212.0  0.3   3.7   3.7  4.0
2020-01-01T02:30:00.500000Z 52.140 35.944 16.4    5    5    5  14.30 230.0  0.4   7.4   2.8  2.5
2020-01-01T02:31:42.000000Z 52.212 35.952  0.0    3    6    6  18.80 253.0  1.1  53.7  50.2  3.0
2020-01-01T02:33:20.600000Z 52.120 36.306  8.4    5    5    5   9.14 142.0  0.4   4.1   5.7  2.5
2020-01-01T02:35:00.500000Z 52.112 35.857  2.6    7    8    8  21.60 265.0  0.4  11.1  14.9  4.0
2020-01-01T02:36:39.700000Z 52.110 36.024 16.5    6    8    8   6.99 203.0  0.2   6.1   2.4  4.0
2020-01-01T02:38:20.100000Z 52.068 35.987 19.5    8    9    9  32.20 212.0  0.3   6.4   5.0  4.5
2020-01-01T02:40:00.000000Z 52.270 36.069 16.6    8    9    9  21.40 177.0  0.4   5.1   3.6  4.5
2020-01-01T02:41:40.200000Z 52.408 36.247 16.1    6    7    7  30.70 180.0  0.4   6.2   4.3  3.5
2020-01-01T02:43:19.900000Z 52.144 35.626 13.2    6    6    6  47.10 281.0  0.3  26.5  20.6  3.0
2020-01-01T02:45:00.100000Z 52.131 36.108 13.3    6    7    7  17.70 198.0  0.3   3.8   2.8  3.5
2020-01-01T02:46:40.000000Z 52.174 36.251 13.0    8    8    8   2.43 181.0  0.3   3.3   3.0  4.0
2020-01-01T02:48:20.000000Z 51.915 36.190  6.5    6    6    6  19.70 133.0  0.4   5.9  10.1  3.0
2020-01-01T02:50:00.200000Z 51.882 36.445 20.3    9    9    9  34.40 119.0  0.4   3.7   4.1  4.5
2020-01-01T02:51:39.600000Z 51.671 35.565 15.3    6    6    6  90.30 263.0  0.2  10.9   9.6  3.0
2020-01-01T02:53:19.400000Z 51.617 35.791  5.4    9   10   10  46.80 250.0  0.4   4.7   3.6  5.0
2020-01-01T02:54:59.600000Z 51.738 36.447 11.9    4    5    5  46.60 192.0  0.4   7.0   5.2  2.5
2020-01-01T02:56:40.900000Z 51.964 35.728 14.2    7    9    9  35.30 240.0  0.3   5.8   2.6  4.5
2020-01-01T02:58:19.600000Z 52.246 35.846  9.3    9   10   10  28.80 224.0  0.3   4.2   2.9  5.0
2020-01-01T03:00:00.200000Z 51.726 36.203  8.4    6    6    6  33.20 159.0  0.3   5.9   4.3  3.0
2020-01-01T03:01:39.900000Z 52.147 35.911  9.6    6    6    6  38.70 293.0  0.4   6.7   6.8  3.0
2020-01-01T03:03:19.600000Z 52.315 36.021 13.3    6    7    7  25.30 193.0  0.3   4.3   2.9  3.5
2020-01-01T03:05:00.100000Z 52.350 36.115 17.0    8    8    8  20.60 195.0  0.4   5.4   3.4  4.0
2020-01-01T03:06:39.600000Z 52.345 35.988  9.9    5    6    6  28.50 202.0  0.4  12.2  22.8  3.0
2020-01-01T03:08:20.000000Z 51.734 36.555  5.4    8    8    8  34.80 181.0  0.4   3.7   2.4  4.0
2020-01-01T03:10:00.400000Z 51.900 35.978  7.6    5    5    5  14.00 227.0  0.4  15.0   5.5  2.5
2020-01-01T03:11:39.600000Z 51.821 35.945  9.0    6    6    6  22.10 288.0  0.5   9.2   3.8  3.0
2020-01-01T03:13:19.800000Z 52.096 36.051  9.2    6    7    7  57.20 205.0  0.1   6.9   5.0  3.5
2020-01-01T03:14:59.800000Z 52.146 36.387 16.5    9   10   10  15.30  86.0  0.3   2.5   1.6  5.0
2020-01-01T03:16:39.200000Z 51.988 35.693 15.9    5    6    6  38.80 267.0  0.4   7.9   4.2  3.0
2020-01-01T03:18:20.000000Z 51.734 35.859 16.3    9   10   10  33.80 237.0  0.4   5.7   2.5  5.0
2020-01-01T03:19:59.900000Z 51.621 36.173 19.9    7    7    7  38.80 178.0  0.3   3.0   4.1  3.5
2020-01-01T03:21:39.200000Z 51.860 35.911  7.6    8    9    9  21.40 226.0  0.3   5.5   2.2  4.5
2020-01-01T03:23:19.900000Z 51.992 35.704 13.3    4    5    5  95.50 266.0  0.3  43.2  59.2  2.5
2020-01-01T03:25:00.000000Z 51.816 36.135 14.4    8    9    9  22.30 200.0  0.4   6.2   2.7  4.5
2020-01-01T03:26:39.500000Z 52.159 35.888  2.1    4    5    5  76.90 238.0  0.4  11.0  12.5  2.5
2020-01-01T03:28:20.100000Z 52.419 35.703  6.5    7    7    7  51.10 264.0  0.4   5.3   3.0  3.5
2020-01-01T03:29:58.800000Z 51.929 35.901  2.8    5    6    6  18.20 251.0  0.2   4.6   2.6  3.0
2020-01-01T03:31:39.700000Z 51.322 36.435 24.0    8    9    9  18.90 196.0  0.3  13.5   9.5  4.5
2020-01-01T03:33:21.100000Z 52.079 35.809 13.4    5    5    5  26.10 247.0  0.3   7.8   5.6  2.5
2020-01-01T03:34:59.700000Z 52.456 36.108 10.0    5    6    6  42.30 247.0  0.3   6.1   7.7  3.0
2020-01-01T03:36:40.000000Z 52.085 35.866 15.0    9    9    9  19.90 224.0  0.3   4.9   2.8  4.5
2020-01-01T03:38:20.100000Z 52.022 35.670 10.0    9    9    9  41.20 244.0  0.4   6.6   2.8  4.5
2020-01-01T03:40:00.500000Z 52.176 35.938  9.6    6    7    7  66.70 216.0  0.1   3.0   3.7  3.5
2020-01-01T03:41:40.500000Z 52.044 36.249 11.4    8    8    8  14.10  92.0  0.3   3.4   6.0  4.0
2020-01-01T03:43:19.700000Z 52.060 36.045 10.0    6    8    8   2.27 206.0  0.4   5.5   3.4  4.0
2020-01-01T03:45:00.200000Z 52.069 35.835  9.3    7    8    8  48.20 228.0  0.4   5.2   7.7  4.0
2020-01-01T03:46:39.900000Z 52.179 36.349  9.5    8   10   10  10.50 177.0  0.3   3.0   1.8  5.0
2020-01-01T03:48:20.000000Z 52.173 36.194 15.0    9    9    9   7.37 126.0  0.4   3.2   2.1  4.5
2020-01-01T03:49:59.800000Z 51.798 35.796 12.0    4    5    5  75.90 240.0  0.4 106.3  81.8  2.5
2020-01-01T03:51:39.000000Z 51.684 36.290  0.0    6    6    6  42.00 139.0  0.3   2.7   9.5  3.0
2020-01-01T03:53:19.200000Z 51.919 36.271 16.3    4    5    5  25.30 209.0  0.3  11.2   8.9  2.5
2020-01-01T03:55:00.300000Z 51.849 35.915  3.9    4    5    5  49.40 320.0  0.4  26.8  11.5  2.5
2020-01-01T03:56:40.000000Z 52.016 36.206 11.3    9    9    9  17.40 103.0  0.5   6.2   3.5  4.5
2020-01-01T03:58:20.100000Z 52.024 36.072  8.6    8    9    9   3.61 125.0  0.3   4.1   3.0  4.5
2020-01-01T04:00:00.300000Z 52.054 36.055  1.8    5    6    6  25.90 286.0  0.2   7.5   4.0  3.0
2020-01-01T04:01:39.700000Z 51.733 36.003  7.1    8    8    8  27.60 291.0  0.3   6.3   2.5  4.0
2020-01-01T04:03:19.500000Z 51.943 35.981 17.2    7    8    8  10.60 216.0  0.4   5.6   2.3  4.0
2020-01-01T04:05:00.200000Z 52.102 35.856 12.7    6    6    6  21.30 225.0  0.4   7.0   4.3  3.0
2020-01-01T04:06:39.700000Z 51.976 35.916  8.6    9    9    9  14.90 222.0  0.4   4.8   3.3  4.5
2020-01-01T04:08:19.600000Z 52.087 36.165 14.9    6    8    8  14.40 192.0  0.4   5.0   2.7  4.0
2020-01-01T04:09:59.100000Z 51.739 36.095 20.9    5    5    5  27.30 281.0  0.3  10.5   4.7  2.5
2020-01-01T04:11:40.100000Z 52.443 35.679  5.3    6    7    7  54.40 266.0  0.4   7.6   4.4  3.5
2020-01-01T04:13:20.000000Z 51.830 35.808  4.0   10   10   10  31.80 238.0  0.5   9.4   5.4  5.0
2020-01-01T04:15:00.000000Z 51.935 36.365  7.6    7    8    8  37.10 163.0  0.3   2.4   3.2  4.0
2020-01-01T04:16:39.900000Z 51.987 35.844 16.5    6    8    8  22.30 229.0  0.4   7.8   3.5  4.0
2020-01-01T04:18:20.600000Z 52.122 35.924  8.0    5    6    6  15.20 292.0  0.3  11.2   7.2  3.0
2020-01-01T04:20:00.300000Z 52.244 36.080 15.9    9    9    9  19.30 173.0  0.4   3.2   1.9  4.5
2020-01-01T04:21:40.400000Z 52.319 35.872 14.0    7    8    8  31.70 220.0  0.3   4.6   2.3  4.0
2020-01-01T04:23:19.900000Z 52.677 36.176 13.3    9    9    9  21.10 167.0  0.4   3.7   3.0  4.5
2020-01-01T04:25:00.000000Z 52.147 35.988  8.0   10   10   10  11.70 211.0  0.5   3.9   3.8  5.0
2020-01-01T04:26:39.800000Z 51.839 35.804 17.0    7    8    8  31.70 238.0  0.5   8.3   3.6  4.0
2020-01-01T04:28:19.300000Z 51.896 35.753 35.2    4    5    5 108.00 294.0  0.2  18.8   6.6  2.5
2020-01-01T04:29:59.700000Z 52.052 35.816 10.1    8    9    9  50.70 246.0  0.3   3.8   4.3  4.5
2020-01-01T04:31:40.200000Z 52.149 36.219  9.1    5    5    5   6.20 145.0  0.2   3.8   1.6  2.5
2020-01-01T04:33:19.900000Z 51.846 36.262 14.2    8    9    9  29.80 128.0  0.4   3.6   3.4  4.5
2020-01-01T04:35:00.100000Z 52.000 36.260  5.5    4    5    5  18.10 189.0  0.2   9.3   4.6  2.5
2020-01-01T04:36:40.100000Z 52.093 36.268 17.7    4    5    5  25.70 166.0  0.4   7.6   4.2  2.5
2020-01-01T04:38:20.100000Z 51.790 35.967  8.5    4    6    6  23.60 231.0  0.1   4.7   4.8  3.0
2020-01-01T04:40:00.400000Z 52.352 35.839 18.1    6    6    6  65.80 223.0  0.1   3.8   4.8  3.0
2020-01-01T04:41:39.900000Z 51.546 35.560  5.1    7   10   10  69.30 269.0  0.4   5.2   6.4  5.0
2020-01-01T04:43:19.800000Z 51.460 35.534  6.9    7    7    7  86.60 275.0  0.3   7.5   6.3  3.5
2020-01-01T04:44:59.900000Z 51.906 36.287 17.2    7    7    7  26.70 173.0  0.4   4.0   3.2  3.5
2020-01-01T04:46:39.900000Z 51.895 36.060 17.7    8    9    9  12.80 193.0  0.3   4.1   2.7  4.5
2020-01-01T04:48:20.600000Z 51.989 36.014 11.6    7    7    7  32.90 220.0  0.2   5.0   4.6  3.5
2020-01-01T04:49:59.600000Z 51.932 35.960 17.4    7    7    7  12.90 283.0  0.2   4.0   0.9  3.5
2020-01-01T04:51:40.200000Z 52.099 35.742 13.4    5    5    5  33.60 255.0  0.5  10.8   5.4  2.5
2020-01-01T04:53:20.100000Z 52.228 36.198 18.1    7    8    8   6.96 139.0  0.4   6.4  10.0  4.0
2020-01-01T04:54:59.400000Z 51.948 36.170 15.5    5    5    5  53.50 279.0  0.4   6.4   3.0  2.5
2020-01-01T04:56:41.200000Z 51.856 35.936 15.5    5    6    6  19.90 314.0  0.2   8.5   2.8  3.0
2020-01-01T04:58:19.200000Z 52.061 35.922  8.7    5    5    5  13.40 243.0  0.3   7.1   2.4  2.5
2020-01-01T05:00:01.400000Z 51.905 35.897 11.5    6    6    6  48.00 238.0  0.4   7.2   7.3  3.0
2020-01-01T05:01:40.300000Z 51.896 36.204 17.6    5    6    6  22.00 230.0  0.1   9.4   3.7  3.0
2020-01-01T05:03:19.200000Z 51.566 36.063  0.3    7    9    9  40.40 215.0  0.2   4.5   4.4  4.5
2020-01-01T05:04:59.700000Z 51.945 36.151 15.8    8    8    8  25.80 195.0  0.4   3.8   4.3  4.0
2020-01-01T05:06:40.300000Z 52.148 35.444 12.0    5    5    5  90.30 257.0  0.2   6.4   6.1  2.5
2020-01-01T05:08:20.300000Z 52.144 36.076 13.5    6    7    7  52.90 201.0  0.5  11.3  15.6  3.5
2020-01-01T05:10:00.800000Z 52.021 35.936  9.3    4    5    5  11.60 242.0  0.1   8.3   4.0  2.5
2020-01-01T05:11:40.300000Z 52.194 35.917 18.7    7    7    7  19.80 253.0  0.4   7.3   4.9  3.5
2020-01-01T05:13:19.800000Z 52.419 36.128 18.0    7    7    7  35.90 168.0  0.4   4.3   3.8  3.5
2020-01-01T05:14:59.800000Z 52.476 35.818 14.7   10   10   10  46.80 224.0  0.4   3.7   2.2  5.0
2020-01-01T05:16:39.900000Z 51.609 36.152 12.0    8    8    8  38.70 205.0  0.4   7.0   7.0  4.0
2020-01-01T05:18:21.500000Z 52.196 36.004 18.1    4    5    5  76.10 235.0  0.0  57.1  98.5  2.5
2020-01-01T05:20:00.100000Z 51.644 35.910 11.9    8    9    9  38.20 237.0  0.4   5.2   3.0  4.5
2020-01-01T05:21:39.200000Z 52.158 35.947  3.0    7    7    7  15.20 215.0  0.4   4.0   4.3  3.5
2020-01-01T05:23:20.300000Z 51.962 35.983 17.9    8    9    9   9.17 225.0  0.3   8.4   2.7  4.5
2020-01-01T05:24:59.800000Z 51.792 35.883 10.0    9    9    9  28.10 232.0  0.4   8.6   3.9  4.5
2020-01-01T05:26:40.000000Z 51.669 36.405 11.6    8    9    9  42.80 135.0  0.2   3.1   3.7  4.5
2020-01-01T05:28:19.600000Z 51.887 36.091  6.3    8   10   10  14.50 178.0  0.4   5.7   4.5  5.0
2020-01-01T05:30:00.100000Z 51.745 36.188 17.1    9    9    9  41.70 194.0  0.3   4.5   3.9  4.5
2020-01-01T05:31:40.200000Z 51.588 36.191 11.2    5    5    5  43.60 284.0  0.2   5.8   3.2  2.5
2020-01-01T05:33:19.900000Z 51.996 36.469 14.4    7    7    7  32.80 108.0  0.3   3.4   4.7  3.5
2020-01-01T05:34:58.900000Z 51.735 36.025  0.0    4    5    5  27.10 225.0  0.3  17.1  33.1  2.5
2020-01-01T05:36:19.800000Z 50.775 36.290  0.0    4    5    5  39.40 325.0  0.1 130.9  65.3  2.5
2020-01-01T05:38:20.000000Z 51.893 36.028 19.4    8    8    8  12.90 283.0  0.3   6.3   2.4  4.0
2020-01-01T05:40:00.200000Z 51.526 35.824  5.4    5    5    5  51.90 334.0  0.3   9.5   2.4  2.5
2020-01-01T05:41:40.200000Z 52.098 36.256  8.5    7    8    8  24.50 101.0  0.5   3.7   3.6  4.0
2020-01-01T05:43:20.400000Z 51.959 36.464 10.0    8    8    8  29.60 195.0  0.5   8.2   3.7  4.0
2020-01-01T05:44:59.700000Z 52.281 35.988 29.4    4    5    5  30.60 296.0  0.1  13.6  21.6  2.5
2020-01-01T05:46:40.300000Z 51.443 35.612 18.0    8    9    9  71.60 306.0  0.3   8.2   4.3  4.5
2020-01-01T05:48:20.100000Z 51.840 36.261  9.1    7    7    7  32.40 182.0  0.5   4.9   4.6  3.5
2020-01-01T05:49:59.400000Z 52.068 35.515  6.0    8    9    9  58.40 254.0  0.5   5.3   4.9  4.5
2020-01-01T05:51:40.000000Z 51.962 36.357 15.2    8    8    8  24.20 101.0  0.4   4.1   3.1  4.0
2020-01-01T05:53:20.000000Z 51.968 35.892  8.1    4    9    9  17.60 284.0  0.4  16.3  10.7  4.5
2020-01-01T05:54:59.600000Z 52.461 35.994 15.7    7    8    8  37.40 198.0  0.4   3.7   2.2  4.0
2020-01-01T05:56:40.100000Z 51.878 36.080 16.3    6    6    6  65.20 288.0  0.3  13.6   9.1  3.0
2020-01-01T05:58:20.100000Z 51.995 35.922 16.6    9    9    9  13.70 282.0  0.3   7.8   4.4  4.5
2020-01-01T05:59:59.400000Z 52.249 36.216 13.2    4    5    5  57.80 253.0  0.3  10.1   9.1  2.5
2020-01-01T06:01:39.500000Z 52.183 35.964 11.4    6    6    6  15.80 228.0  0.5   6.5   5.3  3.0
2020-01-01T06:03:20.500000Z 52.277 36.015 21.6    5    7    7  56.60 266.0  0.3   6.8   3.5  3.5
2020-01-01T06:05:00.300000Z 52.104 36.253  8.9    7    7    7   8.67 181.0  0.3   2.3   1.9  3.5
2020-01-01T06:06:40.100000Z 52.185 36.393 14.6    9   10   10  15.20  94.0  0.4   3.4   3.4  5.0
2020-01-01T06:08:19.700000Z 52.089 35.592  8.3   10   10   10  50.10 248.0  0.3   4.5   3.1  5.0
2020-01-01T06:09:59.900000Z 51.754 36.306  8.3    5    6    6  38.80 129.0  0.1   2.1   3.9  3.0
2020-01-01T06:11:40.400000Z 51.948 36.091 23.0    4    5    5  60.20 296.0  0.1   5.1   3.4  2.5
2020-01-01T06:13:19.300000Z 51.788 36.202  4.7    5    7    7  28.50 295.0  0.3  12.3   4.8  3.5
2020-01-01T06:15:00.400000Z 51.982 36.322 10.0    4    5    5  31.60 192.0  0.3  13.0  12.4  2.5
2020-01-01T06:16:39.900000Z 51.883 36.252 13.5   10   10   10  27.10 124.0  0.4   2.6   2.6  5.0
2020-01-01T06:18:19.500000Z 52.167 35.814 19.3    8    8    8  49.10 228.0  0.5   7.1   6.1  4.0
2020-01-01T06:20:00.100000Z 52.246 35.798 12.1    8    8    8  33.00 252.0  0.3   3.9   2.7  4.0
2020-01-01T06:21:39.600000Z 51.825 36.134  6.4    6   10   10  21.50 169.0  0.4   7.5   4.7  5.0
2020-01-01T06:23:20.300000Z 51.845 35.876 11.6    8    9    9  25.10 231.0  0.3   3.7   2.8  4.5
2020-01-01T06:24:59.700000Z 51.906 35.766 20.2    9   10   10  32.60 290.0  0.4   5.8   3.2  5.0
2020-01-01T06:26:40.000000Z 52.239 36.162 13.2    5    5    5  64.10 191.0  0.3   3.8   3.4  2.5
2020-01-01T06:28:20.100000Z 51.996 35.967 17.4    7    7    7   8.89 216.0  0.2   5.2   1.4  3.5
2020-01-01T06:30:00.200000Z 52.111 36.399 17.8    8   10   10  17.70  91.0  0.3   3.2   1.6  5.0
2020-01-01T06:31:39.400000Z 52.184 35.869  6.1    7    7    7  43.00 278.0  0.3   4.7   3.3  3.5
2020-01-01T06:33:20.400000Z 52.165 35.986 13.5    7    7    7  30.20 211.0  0.3   6.0   2.5  3.5
2020-01-01T06:34:59.600000Z 51.954 36.423  1.6    7   10   10  28.90 173.0  0.4   4.3   8.2  5.0
2020-01-01T06:36:39.500000Z 51.908 35.905  2.0    9    9    9  18.90 225.0  0.3   3.2   3.5  4.5
2020-01-01T06:38:20.000000Z 51.552 35.686  7.4    6    7    7  58.80 303.0  0.3   7.0   3.6  3.5
2020-01-01T06:39:59.700000Z 52.101 35.826 16.7    5    5    5  48.50 245.0  0.3   4.7   3.9  2.5
2020-01-01T06:41:40.100000Z 52.116 35.743 18.4    7    9    9  33.90 255.0  0.3   5.8   4.9  4.5
2020-01-01T06:43:19.900000Z 51.816 36.145 17.2    8   10   10  22.90 166.0  0.3   4.4   2.6  5.0
2020-01-01T06:45:00.300000Z 52.329 36.148 10.7    6    7    7  16.60 158.0  0.2   4.2   2.8  3.5
2020-01-01T06:46:40.000000Z 52.263 36.387 13.2    8    9    9  17.10 102.0  0.4   4.3   3.0  4.5
2020-01-01T06:48:20.200000Z 52.241 35.806 16.7    9   10   10  32.00 227.0  0.2   4.0   2.4  5.0
2020-01-01T06:49:59.800000Z 51.964 36.158  5.3    5    6    6  14.40 129.0  0.3   6.5   9.3  3.0
2020-01-01T06:51:38.000000Z 51.806 36.009 16.4    5    5    5  21.00 287.0  0.1  10.3   3.1  2.5
2020-01-01T06:53:19.600000Z 51.617 35.785 11.4    8    8    8  66.70 250.0  0.3   7.7   4.6  4.0
2020-01-01T06:54:59.400000Z 52.136 35.491  4.8    8    8    8  61.70 254.0  0.4   6.9   4.2  4.0
2020-01-01T06:56:40.600000Z 51.760 36.006 10.0    7    7    7  25.10 292.0  0.4   8.9   4.7  3.5